1 8 13 14 16 18 19 28 29 31 35 36 38 39 40 41 45 46 47 49 58 59 62 66 68 72 77 86 91 92 94 95 101 111 112 119

2 3 21 33 34 37 104 108 134 138 142 153 154 158 159

4 157

5 10 11 12 23 42 43 78 97 100 109 110 139 174

6 15 17 25 69 74 90 113 118 135

7 9 20 24 30 44 48 80 82 89 96 116

22 26 27 32 51 57 63 65 71 75 76 79 81 87 88 93 99 103 106 107 115 117

50

52

53

54

55

56

60

61

64

67

70

73

83

84 143 150

85

98

102

105

114

120

121

122

123

124

125

126

127

128

129

130

131

132

133

136

137

140

141

144

145

146

147

148

149

151

152

155

156

160

161

162

163

164

165

166

167

168

169

170

171

172

173

175

176

177

178