1 2 3 4 5 6 7 8 9 10 11 12 13 14 15 16 17 18 19 20 21 22 23 24 25 26 27 28 29 30 31 32 33 34 35 36 37 38 39 40 41 42 43 44 45 46 47 48 49 50 52 54 55 56 57 58 59 60 61 62 63 64 65 66 67 68 69 70 71 72 74 75 76 79 80 81 82 83 85 86 87 88 89 90 91 92 93 94 95 96 97 98 99 100 107 127 139

51

53

73 122

77

78 84 102 111 114 120 124 128 134 146 149

101

103

104

105

106

108

109

110

112

113

115

116

117

118

119

121

123

125

126

129

130

131

132

133

135

136

137

138

140

141

142

143

144

145

147

148